#include <PCM.h>

int TouchSensor1 = 2; //connected to Digital pin D2
int TouchSensor2 = 3; //connected to Digital pin D3
int buzz = 8;
void setup(){
  Serial.begin(9600); // Communication speed
  pinMode(buzz,OUTPUT);
  pinMode(TouchSensor1, INPUT);
  pinMode(TouchSensor2, INPUT);
}

void loop(){
  if(digitalRead(TouchSensor1)==HIGH)       //Read Touch sensor signal
   {   
     digitalWrite(buzz, HIGH); // if Touch sensor is HIGH, then turn on
    Serial.println("buzz ON");
    tone({129, 128, 127, 128, 128, 128, 127, 127, 127, 128, 129, 127, 127, 129, 128, 127, 128, 129, 128, 127, 127, 126, 127, 128, 128, 128, 128, 129, 129, 129, 129, 130, 130, 129, 130, 128, 129, 133, 130, 128, 126, 123, 129, 130, 133, 131, 129, 130, 125, 126, 127, 135, 136, 133, 132, 124, 126, 122, 120, 124, 126, 131, 125, 123, 129, 133, 137, 129, 127, 124, 126, 129, 123, 129, 126, 130, 124, 126, 127, 125, 136, 122, 132, 137, 139, 147, 134, 133, 120, 117, 123, 119, 129, 115, 104, 106, 98, 83, 95, 176, 212, 172, 83, 25, 80, 136, 175, 158, 131, 147, 131, 109, 78, 103, 160, 191, 179, 128, 101, 100, 126, 154, 168, 176, 153, 118, 92, 87, 111, 126, 122, 99, 47, 63, 192, 255, 208, 60, 0, 43, 159, 220, 177, 110, 105, 125, 119, 96, 108, 164, 209, 199, 131, 92, 89, 129, 168, 184, 183, 149, 110, 68, 57, 104, 134, 117, 54, 84, 214, 244, 160, 11, 0, 100, 213, 212, 133, 86, 105, 132, 129, 118, 142, 187, 196, 157, 94, 97, 131, 183, 196, 164, 141, 111, 104, 93, 104, 129, 101, 70, 12, 114, 255, 255, 133, 0, 0, 134, 237, 215, 94, 79, 108, 126, 112, 110, 173, 217, 205, 132, 77, 84, 153, 207, 200, 165, 116, 92, 73, 85, 111, 108, 89, 18, 69, 255, 255, 161, 0, 0, 120, 238, 236, 95, 56, 100, 139, 122, 106, 166, 222, 220, 134, 61, 82, 157, 206, 198, 168, 135, 100, 79, 71, 93, 91, 70, 27, 106, 255, 255, 147, 0, 0, 127, 235, 226, 91, 63, 79, 119, 126, 143, 202, 221, 185, 103, 60, 92, 171, 210, 207, 162, 115, 79, 84, 108, 107, 70, 24, 26, 196, 255, 231, 53, 0, 24, 180, 255, 178, 66, 62, 111, 131, 139, 160, 201, 223, 164, 86, 69, 128, 193, 213, 175, 122, 95, 93, 96, 81, 36, 24, 45, 235, 255, 217, 29, 0, 20, 167, 255, 185, 82, 62, 91, 139, 147, 176, 203, 207, 164, 96, 83, 115, 180, 207, 179, 135, 103, 75, 80, 64, 60, 31, 81, 255, 255, 182, 0, 0, 70, 207, 252, 124, 74, 62, 114, 134, 169, 210, 208, 185, 113, 91, 106, 159, 183, 174, 156, 117, 91, 68, 57, 43, 24, 105, 255, 255, 162, 0, 0, 94, 215, 240, 115, 70, 69, 124, 151, 161, 193, 212, 185, 121, 89, 112, 162, 183, 174, 159, 135, 84, 61, 25, 43, 30, 142, 255, 249, 134, 0, 0, 104, 236, 214, 108, 58, 71, 135, 149, 192, 203, 212, 160, 114, 94, 131, 157, 167, 155, 146, 132, 92, 54, 9, 12, 50, 242, 255, 218, 25, 0, 40, 165, 255, 158, 91, 49, 105, 137, 181, 196, 206, 187, 134, 112, 102, 149, 164, 177, 162, 146, 102, 67, 21, 25, 14, 126, 255, 255, 158, 0, 0, 67, 220, 211, 132, 60, 64, 132, 157, 193, 183, 200, 165, 140, 107, 125, 154, 164, 174, 154, 135, 87, 52, 19, 15, 44, 180, 255, 230, 85, 0, 11, 135, 236, 185, 100, 53, 88, 145, 182, 195, 190, 184, 160, 138, 122, 136, 151, 170, 172, 148, 104, 67, 31, 22, 18, 115, 230, 251, 156, 14, 0, 70, 194, 208, 147, 70, 68, 111, 172, 201, 199, 180, 161, 154, 137, 135, 135, 155, 165, 166, 123, 87, 33, 22, 13, 95, 203, 239, 172, 43, 19, 61, 174, 182, 152, 86, 84, 117, 153, 189, 185, 194, 169, 164, 133, 129, 128, 152, 168, 168, 138, 86, 46, 26, 30, 78, 170, 213, 179, 78, 34, 55, 140, 180, 158, 106, 80, 103, 136, 179, 188, 193, 179, 168, 145, 128, 127, 140, 162, 172, 153, 104, 52, 22, 24, 74, 148, 192, 166, 100, 63, 76, 126, 150, 143, 113, 108, 116, 128, 145, 165, 188, 193, 178, 152, 136, 127, 140, 157, 171, 159, 118, 65, 33, 29, 62, 122, 169, 167, 116, 78, 79, 118, 147, 141, 113, 106, 116, 134, 143, 155, 172, 185, 186, 161, 142, 127, 136, 154, 171, 165, 133, 85, 49, 32, 44, 94, 146, 169, 135, 94, 80, 107, 138, 142, 125, 113, 118, 126, 140, 150, 167, 178, 180, 171, 152, 138, 132, 145, 161, 165, 143, 104, 69, 44, 44, 75, 119, 146, 136, 109, 91, 102, 126, 139, 127, 117, 120, 129, 141, 142, 158, 175, 188, 182, 160, 142, 143, 153, 158, 157, 139, 115, 84, 58, 41, 62, 100, 130, 127, 112, 98, 100, 117, 128, 129, 122, 124, 127, 137, 138, 152, 164, 178, 179, 169, 155, 147, 153, 160, 166, 155, 128, 90, 64, 49, 65, 93, 116, 115, 105, 97, 101, 116, 122, 123, 117, 124, 129, 135, 135, 141, 155, 170, 174, 169, 159, 153, 157, 160, 164, 161, 145, 114, 79, 54, 54, 80, 108, 115, 108, 97, 96, 109, 124, 126, 126, 124, 125, 131, 138, 144, 152, 163, 165, 167, 163, 160, 161, 162, 163, 159, 149, 124, 92, 63, 58, 77, 99, 108, 103, 99, 100, 109, 117, 122, 125, 128, 128, 130, 135, 141, 149, 158, 165, 169, 168, 162, 161, 164, 166, 164, 155, 130, 99, 68, 58, 71, 92, 101, 103, 101, 99, 106, 114, 122, 127, 131, 129, 128, 130, 133, 142, 154, 161, 166, 164, 162, 162, 169, 172, 168, 158, 135, 107, 77, 64, 68, 85, 94, 99, 101, 100, 103, 110, 120, 130, 137, 134, 128, 126, 131, 142, 154, 160, 160, 161, 159, 162, 168, 170, 169, 160, 141, 113, 84, 66, 69, 79, 88, 95, 102, 102, 102, 106, 114, 127, 136, 135, 128, 124, 128, 140, 152, 157, 159, 160, 162, 167, 171, 170, 165, 162, 148, 124, 93, 70, 66, 75, 86, 90, 97, 99, 104, 110, 117, 125, 133, 134, 129, 126, 130, 141, 151, 156, 155, 156, 161, 166, 171, 174, 168, 165, 154, 134, 106, 78, 65, 68, 78, 84, 92, 94, 99, 107, 117, 127, 136, 138, 132, 126, 127, 135, 147, 154, 158, 159, 159, 164, 168, 175, 174, 171, 164, 147, 124, 92, 69, 64, 70, 76, 81, 88, 92, 100, 109, 119, 130, 138, 136, 130, 130, 133, 141, 149, 154, 157, 160, 163, 167, 173, 178, 176, 170, 161, 141, 118, 90, 71, 66, 67, 71, 78, 88, 94, 102, 108, 115, 128, 136, 135, 132, 131, 134, 143, 150, 156, 157, 158, 160, 166, 174, 179, 176, 168, 157, 139, 116, 87, 69, 63, 65, 71, 80, 89, 97, 103, 111, 120, 131, 138, 136, 131, 130, 134, 142, 150, 151, 155, 158, 163, 168, 175, 179, 175, 168, 158, 140, 116, 87, 65, 58, 61, 68, 77, 88, 92, 100, 107, 117, 133, 141, 139, 132, 131, 134, 145, 153, 153, 153, 156, 163, 172, 180, 182, 177, 169, 159, 143, 122, 96, 72, 61, 61, 63, 73, 83, 90, 96, 104, 113, 126, 137, 137, 131, 129, 132, 140, 149, 151, 154, 157, 164, 172, 180, 182, 183, 180, 170, 157, 134, 109, 81, 63, 58, 59, 65, 75, 83, 89, 97, 106, 118, 131, 136, 135, 132, 131, 134, 142, 147, 148, 152, 155, 161, 171, 183, 189, 187, 180, 167, 154, 135, 111, 83, 63, 55, 55, 62, 71, 81, 88, 97, 107, 118, 130, 137, 136, 132, 130, 133, 142, 148, 150, 150, 154, 161, 173, 185, 190, 188, 181, 170, 157, 139, 117, 91, 68, 58, 55, 58, 64, 73, 81, 92, 103, 114, 127, 135, 136, 134, 131, 133, 138, 144, 147, 150, 155, 161, 171, 180, 190, 195, 189, 176, 165, 153, 136, 114, 85, 64, 55, 53, 55, 64, 74, 84, 95, 105, 114, 127, 135, 136, 135, 131, 131, 136, 145, 149, 152, 155, 160, 171, 182, 190, 191, 187, 179, 169, 157, 140, 119, 92, 68, 56, 50, 54, 61, 69, 77, 84, 96, 109, 126, 137, 138, 135, 133, 134, 139, 144, 147, 149, 152, 156, 163, 175, 186, 193, 194, 188, 178, 170, 155, 133, 109, 84, 68, 59, 52, 50, 53, 60, 72, 85, 97, 110, 123, 132, 137, 137, 137, 139, 143, 147, 150, 154, 157, 163, 171, 179, 186, 191, 190, 184, 176, 166, 153, 138, 117, 93, 75, 62, 53, 49, 49, 51, 58, 69, 83, 98, 114, 127, 134, 137, 141, 144, 147, 151, 155, 158, 162, 168, 172, 177, 181, 184, 187, 186, 180, 172, 161, 147, 131, 112, 91, 73, 61, 50, 44, 43, 45, 53, 64, 80, 97, 114, 127, 135, 139, 142, 147, 153, 158, 161, 163, 165, 169, 174, 177, 180, 182, 183, 182, 177, 170, 161, 149, 136, 120, 103, 85, 72, 57, 46, 41, 40, 43, 52, 63, 78, 96, 111, 125, 134, 141, 145, 149, 154, 159, 165, 170, 173, 174, 175, 177, 178, 179, 179, 175, 170, 165, 159, 153, 145, 133, 118, 103, 89, 76, 62, 50, 42, 38, 40, 49, 62, 77, 92, 106, 117, 128, 137, 145, 151, 157, 163, 169, 174, 176, 179, 179, 179, 179, 178, 175, 170, 164, 159, 155, 151, 146, 138, 127, 114, 102, 89, 80, 70, 61, 55, 51, 51, 57, 67, 79, 91, 104, 115, 124, 131, 138, 145, 151, 158, 164, 171, 175, 179, 180, 180, 180, 178, 176, 172, 165, 159, 153, 148, 143, 137, 130, 121, 112, 103, 96, 90, 83, 75, 66, 60, 59, 62, 70, 79, 88, 98, 106, 115, 124, 134, 143, 149, 155, 160, 165, 171, 176, 178, 177, 176, 174, 170, 166, 161, 155, 150, 146, 142, 138, 134, 129, 123, 118, 112, 105, 98, 91, 84, 77, 71, 68, 67, 69, 76, 86, 97, 108, 118, 125, 132, 139, 145, 151, 155, 159, 161, 164, 166, 168, 167, 166, 163, 160, 157, 154, 151, 148, 145, 141, 138, 133, 129, 124, 118, 112, 107, 101, 96, 91, 87, 83, 79, 77, 78, 80, 87, 95, 104, 114, 121, 128, 133, 138, 143, 147, 150, 153, 155, 157, 160, 161, 161, 161, 159, 157, 154, 152, 149, 146, 143, 139, 135, 132, 128, 125, 120, 115, 111, 108, 104, 101, 99, 96, 93, 89, 87, 86, 87, 91, 98, 106, 114, 123, 131, 137, 140, 143, 146, 149, 151, 152, 153, 153, 153, 154, 154, 153, 152, 151, 148, 145, 142, 138, 134, 132, 131, 131, 130, 128, 124, 118, 112, 108, 109, 110, 108, 105, 101, 98, 96, 96, 97, 99, 105, 112, 121, 130, 136, 139, 140, 140, 141, 143, 146, 150, 154, 155, 153, 149, 145, 143, 146, 150, 152, 149, 144, 141, 138, 133, 129, 127, 127, 128, 129, 128, 126, 120, 114, 112, 110, 106, 101, 95, 92, 94, 98, 103, 106, 107, 110, 115, 122, 131, 139, 144, 146, 146, 142, 140, 141, 143, 145, 146, 143, 140, 138, 137, 142, 146, 147, 144, 138, 136, 136, 140, 142, 140, 135, 128, 120, 115, 112, 114, 116, 112, 105, 96, 90, 88, 89, 92, 98, 103, 107, 112, 117, 125, 133, 141, 147, 150, 150, 148, 144, 142, 142, 143, 144, 145, 143, 142, 141, 141, 142, 143, 143, 141, 140, 140, 140, 139, 135, 127, 119, 112, 108, 106, 104, 99, 91, 83, 79, 79, 84, 91, 99, 106, 114, 122, 131, 141, 151, 158, 160, 158, 152, 145, 139, 137, 136, 136, 137, 137, 139, 143, 148, 151, 154, 153, 149, 145, 142, 141, 140, 139, 134, 125, 115, 106, 99, 94, 90, 85, 77, 72, 71, 74, 83, 94, 105, 116, 125, 135, 145, 155, 164, 168, 167, 163, 154, 146, 138, 131, 127, 125, 125, 128, 134, 141, 148, 153, 157, 157, 156, 156, 154, 150, 144, 134, 121, 109, 101, 96, 92, 84, 74, 63, 56, 58, 65, 80, 96, 109, 120, 130, 142, 156, 170, 182, 186, 180, 168, 153, 140, 133, 128, 124, 121, 118, 120, 126, 137, 150, 160, 167, 170, 169, 169, 166, 160, 151, 136, 119, 103, 91, 84, 79, 71, 61, 48, 39, 40, 51, 72, 98, 120, 137, 147, 156, 167, 182, 196, 203, 196, 178, 155, 133, 119, 114, 113, 114, 114, 114, 119, 130, 146, 165, 182, 191, 190, 183, 172, 161, 150, 136, 118, 97, 77, 61, 50, 43, 37, 29, 26, 31, 48, 78, 109, 138, 160, 173, 183, 191, 198, 206, 204, 190, 169, 139, 113, 98, 91, 93, 97, 101, 108, 118, 135, 159, 182, 202, 214, 212, 203, 187, 168, 151, 131, 109, 87, 63, 43, 31, 26, 26, 28, 27, 35, 52, 81, 118, 151, 175, 190, 195, 200, 205, 207, 206, 191, 165, 133, 102, 82, 75, 78, 88, 97, 106, 117, 134, 160, 190, 217, 232, 232, 217, 194, 172, 150, 131, 110, 84, 58, 35, 19, 15, 19, 27, 33, 38, 51, 76, 113, 154, 184, 202, 207, 204, 203, 203, 202, 192, 167, 135, 100, 74, 63, 63, 75, 90, 103, 118, 135, 160, 192, 222, 243, 247, 233, 208, 179, 153, 132, 111, 88, 61, 37, 19, 13, 18, 27, 37, 41, 47, 65, 97, 139, 178, 200, 209, 203, 196, 196, 195, 194, 178, 146, 110, 75, 55, 55, 64, 83, 100, 112, 127, 147, 176, 210, 238, 253, 248, 226, 196, 166, 141, 121, 102, 80, 54, 34, 20, 20, 32, 44, 54, 56, 55, 69, 96, 135, 174, 196, 202, 194, 181, 179, 182, 184, 177, 150, 115, 81, 58, 54, 64, 83, 103, 117, 130, 146, 170, 204, 236, 255, 254, 231, 198, 166, 143, 128, 114, 96, 71, 45, 28, 23, 35, 55, 68, 71, 65, 60, 73, 102, 141, 177, 193, 190, 176, 163, 165, 174, 179, 170, 141, 105, 73, 56, 59, 76, 97, 115, 124, 134, 150, 176, 212, 241, 255, 249, 221, 188, 156, 134, 124, 111, 94, 70, 45, 34, 34, 48, 70, 82, 86, 78, 66, 69, 88, 122, 158, 177, 177, 165, 152, 153, 164, 174, 175, 156, 124, 91, 67, 65, 78, 98, 117, 127, 132, 141, 159, 191, 225, 247, 248, 227, 194, 161, 138, 126, 119, 108, 88, 65, 47, 43, 55, 74, 90, 95, 89, 77, 67, 71, 92, 122, 148, 160, 157, 149, 145, 153, 166, 176, 174, 153, 122, 93, 74, 75, 88, 103, 118, 123, 128, 139, 160, 193, 224, 239, 236, 214, 184, 159, 142, 132, 124, 110, 92, 74, 62, 63, 75, 89, 99, 102, 95, 84, 71, 64, 72, 90, 114, 134, 139, 139, 139, 145, 162, 177, 183, 175, 150, 120, 96, 84, 89, 101, 111, 117, 118, 122, 137, 162, 194, 223, 234, 226, 202, 175, 155, 143, 138, 130, 115, 94, 77, 70, 75, 89, 102, 107, 106, 95, 81, 70, 59, 62, 75, 93, 115, 125, 131, 137, 143, 161, 179, 188, 185, 161, 130, 106, 91, 93, 102, 108, 111, 110, 112, 125, 148, 180, 210, 225, 222, 206, 182, 163, 153, 145, 137, 124, 106, 91, 83, 86, 94, 105, 112, 108, 102, 92, 80, 70, 59, 55, 64, 81, 105, 124, 135, 145, 155, 170, 187, 193, 187, 164, 131, 107, 93, 93, 101, 104, 107, 107, 110, 127, 151, 183, 209, 218, 213, 196, 178, 165, 155, 147, 134, 119, 104, 92, 92, 95, 104, 111, 110, 109, 100, 94, 89, 76, 65, 52, 50, 66, 88, 114, 130, 139, 152, 162, 179, 192, 192, 180, 151, 120, 100, 93, 101, 108, 108, 106, 106, 116, 138, 165, 191, 207, 206, 198, 186, 174, 164, 151, 136, 123, 110, 103, 101, 103, 107, 110, 111, 112, 113, 108, 101, 89, 75, 63, 50, 45, 58, 79, 107, 129, 138, 151, 162, 178, 194, 195, 183, 158, 128, 108, 100, 102, 107, 106, 103, 104, 114, 133, 159, 182, 196, 198, 191, 184, 175, 164, 153, 138, 125, 114, 108, 107, 109, 114, 116, 116, 119, 119, 119, 111, 94, 82, 68, 57, 48, 41, 52, 74, 101, 129, 145, 159, 173, 184, 196, 198, 185, 163, 135, 113, 105, 104, 105, 106, 102, 104, 113, 131, 157, 176, 188, 190, 184, 179, 172, 164, 152, 135, 122, 114, 113, 117, 118, 118, 118, 120, 125, 128, 126, 116, 99, 83, 73, 64, 58, 48, 40, 53, 79, 111, 145, 162, 171, 179, 186, 199, 200, 186, 162, 130, 109, 102, 100, 102, 100, 96, 101, 114, 134, 160, 176, 183, 185, 180, 177, 171, 159, 144, 128, 117, 113, 115, 118, 119, 119, 120, 124, 129, 132, 129, 117, 100, 84, 74, 68, 61, 55, 45, 49, 77, 110, 144, 165, 170, 176, 184, 197, 203, 189, 165, 135, 109, 100, 100, 100, 98, 94, 96, 111, 131, 153, 169, 174, 176, 175, 173, 171, 160, 144, 128, 116, 115, 117, 121, 122, 121, 122, 127, 131, 134, 130, 119, 107, 93, 84, 80, 73, 64, 55, 47, 58, 91, 126, 156, 168, 169, 175, 183, 195, 197, 180, 153, 124, 103, 100, 102, 100, 97, 94, 101, 118, 139, 157, 165, 167, 170, 171, 171, 166, 152, 136, 125, 119, 121, 125, 126, 126, 124, 127, 133, 137, 137, 131, 120, 109, 100, 92, 84, 78, 72, 64, 58, 58, 81, 113, 143, 165, 169, 172, 182, 190, 195, 184, 158, 131, 108, 98, 101, 99, 94, 92, 94, 110, 131, 149, 160, 162, 162, 164, 166, 164, 154, 138, 127, 121, 124, 129, 129, 129, 129, 133, 138, 140, 140, 135, 127, 120, 112, 103, 94, 84, 77, 73, 69, 65, 62, 83, 117, 145, 169, 169, 167, 177, 185, 191, 178, 150, 123, 103, 97, 98, 97, 93, 93, 101, 117, 137, 151, 158, 161, 161, 164, 165, 158, 147, 132, 125, 123, 124, 128, 128, 129, 133, 140, 144, 145, 142, 135, 129, 122, 115, 106, 96, 84, 78, 74, 70, 68, 63, 77, 110, 141, 164, 168, 165, 172, 180, 185, 175, 146, 121, 103, 94, 96, 96, 94, 97, 107, 123, 141, 150, 154, 159, 161, 165, 161, 151, 139, 127, 124, 124, 126, 128, 131, 135, 141, 146, 149, 147, 141, 136, 132, 127, 120, 109, 99, 90, 86, 83, 80, 75, 73, 70, 81, 114, 141, 157, 164, 160, 167, 177, 174, 162, 138, 114, 104, 97, 95, 96, 93, 100, 116, 134, 150, 155, 154, 157, 160, 161, 157, 141, 129, 124, 123, 128, 129, 131, 136, 143, 151, 152, 148, 144, 139, 134, 128, 120, 112, 106, 99, 94, 92, 91, 90, 87, 83, 81, 81, 98, 128, 147, 157, 158, 154, 163, 169, 161, 148, 127, 111, 104, 101, 100, 100, 104, 117, 132, 146, 152, 153, 155, 157, 158, 153, 143, 133, 126, 124, 126, 130, 132, 138, 144, 149, 152, 149, 143, 139, 134, 128, 122, 116, 108, 102, 99, 97, 97, 95, 93, 89, 85, 84, 82, 99, 131, 148, 156, 156, 153, 163, 165, 157, 144, 124, 111, 105, 99, 102, 106, 109, 122, 138, 147, 153, 153, 152, 154, 150, 143, 134, 125, 123, 124, 127, 131, 135, 142, 148, 152, 152, 147, 140, 133, 132, 127, 121, 115, 110, 108, 109, 109, 107, 102, 98, 97, 93, 86, 79, 84, 112, 140, 151, 153, 151, 156, 168, 166, 152, 134, 117, 110, 106, 102, 104, 108, 117, 133, 143, 148, 151, 152, 154, 152, 143, 134, 125, 121, 124, 125, 127, 132, 139, 146, 151, 149, 147, 143, 137, 136, 130, 124, 121, 116, 116, 117, 114, 111, 105, 100, 99, 99, 92, 83, 80, 85, 114, 140, 147, 151, 152, 158, 168, 160, 144, 130, 118, 111, 106, 101, 104, 114, 124, 136, 146, 150, 152, 151, 149, 145, 138, 133, 126, 122, 124, 126, 132, 139, 144, 147, 149, 149, 147, 143, 137, 134, 131, 127, 123, 118, 118, 118, 116, 113, 109, 104, 101, 100, 93, 88, 81, 80, 102, 131, 144, 147, 145, 150, 163, 163, 149, 133, 122, 115, 110, 103, 105, 113, 121, 135, 142, 145, 148, 147, 148, 146, 138, 134, 130, 126, 124, 123, 126, 134, 140, 144, 145, 145, 144, 144, 141, 136, 132, 128, 124, 123, 122, 121, 121, 118, 114, 110, 108, 105, 101, 98, 91, 84, 87, 102, 125, 137, 138, 139, 146, 157, 159, 148, 135, 127, 124, 115, 109, 109, 112, 122, 131, 135, 140, 142, 144, 147, 145, 140, 135, 130, 129, 127, 123, 125, 129, 134, 139, 139, 140, 143, 142, 137, 134, 131, 128, 128, 126, 123, 126, 127, 127, 124, 122, 122, 119, 114, 108, 106, 106, 104, 100, 96, 101, 115, 125, 127, 129, 131, 140, 146, 144, 139, 135, 134, 132, 127, 125, 124, 127, 130, 130, 130, 131, 133, 134, 134, 133, 133, 133, 133, 131, 130, 132, 132, 131, 130, 128, 129, 129, 128, 128, 129, 129, 131, 133, 133, 133, 135, 134, 134, 133, 132, 131, 129, 126, 125, 125, 124, 123, 121, 117, 117, 118, 118, 119, 120, 120, 121, 122, 126, 129, 130, 129, 127, 128, 129, 129, 128, 126, 125, 125, 125, 126, 126, 127, 129, 129, 131, 132, 131, 131, 132, 131, 130, 130, 130, 130, 129, 129, 130, 131, 131, 132, 132, 133, 134, 133, 132, 131, 133, 132, 130, 129, 129, 130, 129, 127, 126, 127, 125, 124, 122, 121, 120, 119, 120, 120, 119, 120, 120, 120, 122, 123, 123, 123, 124, 125, 126, 126, 126, 126, 127, 129, 129, 128, 129, 129, 131, 131, 130, 131, 131, 133, 134, 133, 133, 135, 134, 134, 135, 136, 136, 137, 137, 135, 133, 133, 133, 132, 130, 128, 128, 128, 129, 128, 126, 125, 125, 125, 123, 121, 120, 122, 124, 124, 125, 126, 127, 128, 128, 126, 126, 126, 127, 128, 129, 128, 128, 127, 126, 127, 127, 127, 127, 127, 127, 127, 127, 127, 128, 128, 128, 128, 128, 127, 126, 127, 127, 129, 129, 128, 128, 128, 128, 128, 128, 128, 128, 128, 128, 128, 128, 127, 127, 127, 127, 127, 127, 128, 128, 128, 128, 128, 128, 129, 128, 127, 126, 126, 127, 128, 127, 127, 126, 128, 128, 127, 127, 127, 127, 128, 128, 128, 127, 128, 128, 128, 127, 127, 127, 128, 128, 128, 127, 128, 128, 128, 129, 128, 128, 127, 127, 128, 127, 127, 127, 127, 128, 128, 127, 127, 127, 128, 128, 127, 127, 127, 127, 128, 128, 128, 128, 127, 127, 127, 128, 127, 127, 127, 127, 128, 128, 128, 128, 128, 128, 128, 128, 128, 127, 127, 126, 127, 127, 127, 127, 127, 127, 127, 128, 128, 127, 127, 127, 127, 128, 128, 128, 127, 127, 127, 128, 128, 128, 128, 128, 128, 127, 128, 128, 128, 128, 127, 127, 128, 128, 128, 128, 128, 128, 128, 128, 128, 127, 127, 127, 127, 127, 127, 127, 127, 127, 128, 128, 127, 128, 127, 127, 128, 128, 128, 128, 128, 128, 128, 128, 128, 127, 127, 127, 128, 127, 127, 127, 127, 128, 128, 127, 127, 127, 128, 128, 128, 128, 128, 128, 128, 128, 128, 128, 128, 128, 128, 128, 128, 128, 127, 127, 127, 127, 127, 127, 128, 128, 128, 128, 128, 128, 127, 127, 127, 127, 127, 127, 127, 127, 127, 127, 127, 127, 127, 127, 127, 127, 127, 127, 127, 127, 127, 127, 127, 128, 127, 127, 128, 127, 128, 128, 127, 127, 127, 128, 128, 127, 127, 127, 128, 128, 128, 128, 128, 128, 128, 128, 128, 128, 128, 128, 127, 127, 127, 128, 127, 127, 127, 127, 128, 128, 128, 128, 128, 128, 128, 128, 127, 127, 127, 127, 127, 127, 127, 128, 128, 128, 128, 127, 128, 128, 128, 128, 128, 128, 128, 128, 128, 128, 128, 128, 128, 128, 128, 128, 128, 127, 127, 128, 128, 128, 128, 128, 128, 128, 128, 128, 128, 128, 128, 127, 128, 128, 127, 127, 128, 128, 128, 128, 127, 127, 128, 128, 128, 128, 128, 128, 128, 128, 128, 128, 128, 128, 127, 128, 128, 128, 128, 127, 128, 128, 128, 128, 128, 127, 127, 128, 127, 127, 127, 127, 127, 127, 127, 127, 127, 127, 127, 127, 127, 127, 127, 128, 128, 127, 127, 128, 128, 128, 128, 128, 128, 128, 128, 128, 127, 127, 127, 127, 127, 128, 127, 128, 128, 128, 128, 128, 128, 128, 128, 128, 128, 128, 128, 128, 128, 128, 128, 128, 128, 128, 128, 128, 128, 128, 128, 128, 128, 128, 128, 128, 128, 128, 127, 128, 127, 127, 127, 127, 127, 127, 127, 127, 127, 128, 128, 128, 128, 128, 128, 128, 128, 128, 128, 127, 127, 127, 127, 127, 128, 127, 128, 128, 127, 128, 127, 127, 127, 127, 127, 127, 127, 127, 128, 128, 128, 128, 128, 128, 128, 128, 127, 127, 127, 127, 127, 127, 127, 127, 127, 127, 128, 128, 128, 128, 128, 128, 128, 128, 128, 128, 128, 128, 128, 128, 127, 128, 128, 128, 128, 128, 128, 128, 128, 128, 127, 127, 127, 127, 127, 127, 127, 127, 127, 127, 127, 128, 127, 128, 128, 128, 128, 128, 128, 128, 128, 128, 128, 128, 128, 128, 128, 128, 128, 127, 128, 128, 127, 127, 127, 127, 127, 127, 127, 128, 127, 127, 127, 127, 127, 127, 127, 127, 127, 128, 128, 128, 128, 128, 128, 128, 128, 128, 128, 128, 128, 128, 127, 127, 127, 127, 127, 127, 127, 127, 127, 128, 127, 128, 128, 128, 128, 127, 128, 127, 127, 127, 128, 128, 128, 128, 128, 128, 128, 128, 128, 127, 127, 127, 128, 127, 127, 127, 127, 128, 128, 127, 127, 127, 127, 127, 127, 127, 127, 127, 127, 128, 128, 128, 128, 128, 128, 128, 128, 128, 128, 128, 128, 128, 127, 127, 127, 128, 128, 128, 128, 128, 128, 128, 127, 127, 127, 127, 127, 127, 127, 127, 127, 127, 127, 127, 128, 127, 128, 128, 128, 128, 128, 128, 128, 128, 127, 127, 127, 127, 127, 127, 127, 127, 127, 128, 128, 128, 128, 128, 128, 128, 128, 127, 128, 128, 128, 128, 128, 128, 128, 128, 128, 128, 128, 128, 127, 127, 127, 127, 127, 127, 127, 128, 128, 128, 128, 128, 128, 128, 128, 128, 128, 128, 128, 128, 128, 127, 128, 128, 128, 128, 128, 128, 128, 128, 128, 128, 128, 128, 127, 128, 128, 128, 128, 127, 127, 127, 127, 127, 127, 127, 127, 127, 127, 128, 128, 128, 128, 128, 128, 128, 127, 127, 127, 127, 127, 127, 128, 127, 127, 127, 128, 127, 127, 128, 127, 128, 128, 128, 127, 127, 128, 128, 128, 128, 128, 128, 128, 128, 128, 128, 128, 128, 128, 128, 128, 128, 127, 128, 128, 128, 128, 128, 127, 128, 128, 128, 127, 128, 127, 128, 128, 128, 128, 127, 127, 128, 128, 128, 128, 127, 128, 128, 128, 128, 128, 127, 128, 128, 128, 128, 127, 128, 128, 128, 128, 128, 128, 128, 128, 128, 128, 127, 128, 127, 127, 128, 127, 128, 128, 127, 128, 127, 128, 127, 128, 127, 128, 128, 127, 128, 127, 128, 127, 128, 128, 127, 128, 127, 128, 128, 128, 128, 128, 128, 128, 128, 127, 128, 127, 128, 127, 128, 127, 128, 127, 128, 128, 128, 127, 128, 127, 128, 128, 128, 128, 128, 128, 127, 128, 127, 128, 127, 128, 128, 128, 128, 127, 128, 127, 128, 127, 128, 128, 128, 128, 127, 128, 128, 128, 128, 128, 128, 128, 128, 128, 128, 128, 127, 128, 127, 128, 127, 128, 127, 128, 128, 127, 128, 127, 128, 127, 128, 127, 128, 128, 128, 128, 128, 128, 128, 128, 127, 128, 127, 128, 128, 128, 128, 128, 128, 128, 128, 128, 128, 128, 128, 127, 128, 127, 128, 127, 128, 128, 128, 127, 128, 127, 128, 128, 128, 127, 128, 127, 128, 128, 128, 128, 127, 128, 127, 128, 127, 128, 128, 128, 128, 128, 128, 128, 127, 128, 128, 128, 128, 128, 128, 128, 128, 128, 128, 128, 127, 128, 128, 128, 128, 128, 128, 127, 128, 127, 128, 127, 128, 127, 128, 127, 128, 127, 128, 128, 128, 128, 127, 128, 127, 128, 127, 128, 127, 128, 127, 128, 128, 127, 128, 128, 127, 128, 127, 128, 128, 127, 128, 127, 128, 127, 128, 127, 128, 128, 127, 128, 127, 128, 127, 128, 128, 127, 128, 127, 128, 127, 128, 127, 128, 127, 128, 127, 128, 128, 127, 128, 127, 128, 127, 128, 128, 128, 127, 128, 127, 128, 127, 128, 128, 128, 128, 128, 128, 128, 128, 127, 128, 127, 128, 128, 128, 127, 128, 127, 128, 128, 127, 128, 127, 128, 127, 128, 128, 128, 128, 128, 128, 128, 128, 128, 127, 128, 128, 127, 128, 128, 127, 128, 127, 128, 127, 128, 128, 127, 128, 127, 128, 127, 128, 127, 128, 128, 128, 128, 128, 128, 128, 128, 128, 127, 128, 127, 128, 128, 127, 128, 127, 128, 128, 128, 127, 127, 127, 127, 127, 128, 127, 128, 127, 128, 127, 128, 127, 128, 127, 128, 127, 128, 127, 128, 127, 128, 127, 127, 128, 127, 128, 127, 128, 127, 128, 127, 128,});
    delay(1500);
   }
  else(digitalRead(TouchSensor1)==LOW)
   {
     digitalWrite(buzz,LOW); // if Touch sensor is LOW, then turn off the buzz
    Serial.println("buzz OFF ");
   }
  delay(1500);

  if(digitalRead(TouchSensor2)==HIGH)       //Read Touch sensor signal
   {   
     digitalWrite(buzz, HIGH); // if Touch sensor is HIGH, then turn on
    Serial.println("buzz ON");
   }
  else(digitalRead(TouchSensor1)==LOW)
   {
     digitalWrite(buzz,LOW); // if Touch sensor is LOW, then turn off the buzz
    Serial.println("buzz OFF ");
   }
  delay(1500);
}
